3.4610252380371094,  2.1934127807617188
2.6181163787841797,  2.673978805541992
1.1176509857177734,  0.8900032043457031
2.7654151916503906,  3.422161102294922
2.295856475830078,  2.181245803833008
7.095525741577148,  7.1327972412109375
0.8454475402832031,  0.3175487518310547
0.8156604766845703,  0.9072475433349609
1.3586311340332031,  0.09209060668945312
2.8810043334960938,  1.821258544921875
3.4902706146240234,  3.7495250701904297
2.471761703491211,  1.9594268798828125
3.6199188232421875,  2.580045700073242
0.8437976837158203,  1.9049091339111328
3.093629837036133,  0.19533157348632812
3.4319934844970703,  3.015777587890625
2.10211181640625,  1.0115432739257812
0.11200332641601562,  1.0158977508544922
2.403430938720703,  2.847248077392578
0.6962547302246094,  1.6540470123291016
3.774850845336914,  3.5250091552734375
2.0050525665283203,  0.21180343627929688
3.3811416625976562,  2.6284847259521484
0.7376918792724609,  0.6130485534667969
0.086273193359375,  0.3716011047363281
2.3444595336914062,  0.5536937713623047
1.4456596374511719,  0.6983451843261719
1.5310630798339844,  1.3636512756347656
2.5899658203125,  2.5555648803710938
0.6868095397949219,  1.2973785400390625
1.6265716552734375,  1.4199581146240234
0.5569725036621094,  2.9892215728759766
3.763162612915039,  4.36882209777832
5.6797332763671875,  5.943117141723633
0.393646240234375,  2.9016036987304688
0.11871147155761719,  0.017303466796875
0.07717323303222656,  0.20302200317382812
3.9339237213134766,  1.3567924499511719
2.3096771240234375,  2.5756664276123047
4.82745361328125,  10.178298950195312
12.135692596435547,  10.920158386230469
6.700250625610352,  7.478578567504883
1.3296623229980469,  4.423851013183594
0.8462638854980469,  0.4804954528808594
0.4797801971435547,  2.214933395385742
3.795787811279297,  0.8156280517578125
3.7626514434814453,  14.539737701416016
1.2239303588867188,  4.580146789550781
4.030769348144531,  2.1251697540283203
4.319377899169922,  8.405498504638672
