0.90022177, 1.0
42.902705669403076, 30.0
30.134950876235962, 30.0
32.61427044868469, 30.0
41.95232391357422, 30.0
28.26456069946289, 30.0
40.69799065589905, 30.0
37.472487688064575, 30.0
42.64034628868103, 30.0
29.98507797718048, 30.0
26.191479563713074, 30.0
26.434051394462585, 28.0
29.5864999294281, 30.0
28.552862405776978, 29.0
26.709875464439392, 30.0
29.10743236541748, 30.0
24.744558334350586, 29.0
30.0937020778656, 30.0
25.615575313568115, 30.0
29.15856957435608, 30.0
27.81966805458069, 30.0
27.425946593284607, 29.0
25.007945895195007, 29.0
28.028488755226135, 29.0
29.36483860015869, 30.0
28.10295045375824, 30.0
31.043221950531006, 30.0
22.688076496124268, 28.0
26.55319333076477, 30.0
22.461100816726685, 28.0
24.63067352771759, 30.0
29.200467467308044, 28.0
24.783782958984375, 27.0
30.075767040252686, 28.0
25.157817006111145, 30.0
28.572338819503784, 30.0
27.603946924209595, 30.0
16.154136657714844, 29.0
27.755742073059082, 30.0
29.610294699668884, 28.0
27.56221890449524, 29.0
31.708463430404663, 30.0
26.78030490875244, 30.0
33.46102595329285, 32.193413972854614
27.38188326358795, 25.326021909713745
29.11765158176422, 30.890003442764282
25.234585404396057, 25.57783842086792
27.704143524169922, 27.81875431537628
22.904473543167114, 22.86720335483551
29.154553413391113, 29.317549467086792
30.815659761428833, 30.9072482585907
28.64136815071106, 29.907909035682678
27.118996381759644, 28.178740739822388
26.509729027748108, 26.250475645065308
27.528238892555237, 27.04057216644287
26.38008177280426, 26.41995370388031
30.8437979221344, 30.904909372329712
30.09363055229187, 29.80466902256012
26.56800627708435, 26.984222531318665
31.102112531661987, 31.01154327392578
28.887997269630432, 29.015897512435913
27.596569061279297, 27.15275287628174
29.69625413417816, 29.654046893119812
26.22514843940735, 26.474990844726562
27.994946837425232, 28.211803436279297
32.38114356994629, 29.628485441207886
28.26230764389038, 28.61304759979248
30.08627414703369, 30.37160038948059
30.344460010528564, 30.553693771362305
29.445658922195435, 29.30165469646454
31.531062126159668, 30.36365032196045
27.41003394126892, 27.44443416595459
29.31318998336792, 29.2973792552948
27.626572251319885, 27.58004128932953
27.443026900291443, 27.010778188705444
26.23683750629425, 25.631178617477417
22.32026696205139, 22.056882977485657
29.393645524978638, 31.901603937149048
28.11871111392975, 26.017304062843323
28.922826647758484, 28.796977400779724
26.066075563430786, 25.64320743083954
27.690322995185852, 27.424333691596985
26.827452778816223, 25.178298354148865
32.135692834854126, 31.92015767097473
26.700249910354614, 26.478577852249146
27.670336961746216, 25.576148629188538
26.846264004707336, 26.51950478553772
26.479779481887817, 25.78506588935852
22.204211354255676, 23.815627098083496
29.762651324272156, 29.539738297462463
28.223930597305298, 28.580145835876465
30.030770301818848, 29.125168919563293
27.31937885284424, 28.405498266220093
