[20.504984]
[20.500053]
[20.082075]
[19.903692]
[20.265451]
[20.059011]
[20.761154]
[20.101871]
[20.621553]
[19.95163]
[20.637365]
[20.188145]
[20.025358]
[20.26195]
[20.016466]
[20.56857]
[20.001926]
[20.626032]
[21.022707]
[20.712967]
[20.013296]
[20.791796]
[20.4325]
[20.397749]
[20.61367]
[20.055138]
[20.461397]
[20.301123]
[20.400091]
[20.042513]
[20.37187]
[20.649998]
[20.01829]
[20.190765]
[21.904812]
[20.001938]
[20.100183]
[20.510075]
[20.006428]
[20.700876]
[20.455095]
[19.998507]
[20.374441]
[20.213184]
[20.02271]
[20.036356]
[20.714808]
[20.348595]
[20.740158]
[20.36648]
[20.609129]
[20.926197]
[20.031914]
[20.012754]
[19.999437]
[20.018415]
[20.010942]
[20.879282]
[21.048317]
[20.42982]
[20.253479]
[20.8446]
